5.864426749196175424e-03
6.407184123078300819e-03
6.944362766611381077e-03
7.475734812521233827e-03
8.001072393533677565e-03
8.520147642374537728e-03
9.032732691769631075e-03
9.538599674444781309e-03
1.003752072312581040e-02
1.052926797053853336e-02
1.101361354940877738e-02
1.149032959246235920e-02
1.195918823242509560e-02
1.241996160202282068e-02
1.287242183398134079e-02
1.331634106102648832e-02
1.375149141588407481e-02
1.417764503127992744e-02
1.459457403993986643e-02
1.500205057458970682e-02
1.539984676795527578e-02
1.578773475276239527e-02
1.616548666173688031e-02
1.653287462760455115e-02
1.688967078309123321e-02
1.723576336598134362e-02
1.757225674795140705e-02
1.789988041160126692e-02
1.821913822471490571e-02
1.853053405507634060e-02
1.883457177046957490e-02
1.913175523867860495e-02
1.942258832748745487e-02
1.970757490468010714e-02
1.998721883804058588e-02
2.026202399535288051e-02
2.053249424440100473e-02
2.079913345296895838e-02
2.106244548884075168e-02
2.132293421980038101e-02
2.158110351363185658e-02
2.183745723811918865e-02
2.209249926104636663e-02
2.234673345019741117e-02
2.260066367335631862e-02
2.285479379830709229e-02
2.310962769283374588e-02
2.336566922472027921e-02
2.362324966733037740e-02
2.387988511278575296e-02
2.413464779946448979e-02
2.438758663277925537e-02
2.463875051814272757e-02
2.488818836096761550e-02
2.513594906666659010e-02
2.538208154065235006e-02
2.562663468833755592e-02
2.586965741513490985e-02
2.611119862645710360e-02
2.635130722771681852e-02
2.659003212432672555e-02
2.682742222169952687e-02
2.706352642524790728e-02
2.729839364038454119e-02
2.753207277252212731e-02
2.776461272707335393e-02
2.799606240945088503e-02
2.822647072506742974e-02
2.845588657933566246e-02
2.868435887766826800e-02
2.891193652547793813e-02
2.913865588945924179e-02
2.936410537326163139e-02
2.958810971103850371e-02
2.981072874969339231e-02
3.003202233612980651e-02
3.025205031725124519e-02
3.047087253996124193e-02
3.068854885116329562e-02
3.090513909776091556e-02
3.112070312665763533e-02
3.133530078475695729e-02
3.154899191896238381e-02
3.176183637617745192e-02
3.197389400330565706e-02
3.218522464725052934e-02
3.239588815491556417e-02
3.260594437320428474e-02
3.281545314902020727e-02
3.302447432926683413e-02
3.323306776084769543e-02
3.344129329066629353e-02
3.364921076562614466e-02
3.385688003263076506e-02
3.406435852483449822e-02
3.427130623900079276e-02
3.447747349416011020e-02
3.468289397954847642e-02
3.488760138440195890e-02
3.509162939795662517e-02
3.529501170944851496e-02
3.549778200811369577e-02
3.569997398318823512e-02
3.590162132390816579e-02
3.610275771950957613e-02
3.630341685922849893e-02
3.650363243230101556e-02
3.670343812796316579e-02
3.690286763545101711e-02
3.710195464400061621e-02
3.730073284284803753e-02
3.749923592122932775e-02
3.769749756838054744e-02
3.789555147353775716e-02
3.809343132593699666e-02
3.829117081481436119e-02
3.848880362940588357e-02
3.868636345894762435e-02
3.888349768883491570e-02
3.907984819909863378e-02
3.927548859887448895e-02
3.947049266086322811e-02
3.966493415776570219e-02
3.985888686228269973e-02
4.005242454711499533e-02
4.024562098496343304e-02
4.043854994852878054e-02
4.063128521051184716e-02
4.082390054361344223e-02
4.101646972053435425e-02
4.120906651397539949e-02
4.140176469663736647e-02
4.159463804122106451e-02
4.178776032042728905e-02
4.198120530695684249e-02
4.217504677351053416e-02
4.236935849278915256e-02
4.256421423749350008e-02
4.275968778032438605e-02
4.295585289398260592e-02
4.315278335116896208e-02
4.335032265234400189e-02
4.354813760918981036e-02
4.374622648349332094e-02
4.394459196888041153e-02
4.414323675897702248e-02
4.434216354740903171e-02
4.454137502780239344e-02
4.474087389378299251e-02
4.494066283897674846e-02
4.514074455700960165e-02
4.534112174150741609e-02
4.554179708609613908e-02
4.574277328440167628e-02
4.594405303004995417e-02
4.617212005427563659e-02
4.645365334945679436e-02
4.678900212456497953e-02
4.717859028847797703e-02
4.762292106117011620e-02
4.812306222976103776e-02
4.868152882795226399e-02
4.929862641494041353e-02
4.997378005411528407e-02
5.070556242816596365e-02
5.149149022099770712e-02
5.232780395814101010e-02
5.321100672725270764e-02
5.414377720799373739e-02
5.512709858388173401e-02
5.616205583784989602e-02
5.725024299451136195e-02
5.849584679905805301e-02
5.991004653700660737e-02
6.122344657860152861e-02
6.207915409133873963e-02
6.258102048512664828e-02
6.298936379833974808e-02
6.324320875162008082e-02
6.329649673261489307e-02
6.329649673261490694e-02
6.329649673261489307e-02
6.329649673261489307e-02
6.329649673261489307e-02
6.329649673261489307e-02
6.329649673261494858e-02
6.329649673261483755e-02
6.329649673261472653e-02
6.329649673261494858e-02
6.329649673261505960e-02
6.329649673261483755e-02
6.329649673261483755e-02
6.329649673261483755e-02
6.329649673261483755e-02
6.329649673261439347e-02
6.329649673261439347e-02
