8.269536462902566498e+00
7.940015080902408151e+00
7.612606766794116631e+00
7.288061222122983018e+00
6.967128148434312607e+00
6.650557247273406247e+00
6.339098220185566568e+00
6.033500768716097973e+00
5.734514594410301314e+00
5.442889398813476554e+00
5.159374883470927209e+00
4.884720749927955907e+00
4.619676699729862612e+00
4.364992434421952616e+00
4.121417655549525882e+00
3.889702064657885927e+00
3.670595363292333602e+00
3.464847252998170646e+00
3.273207435320700576e+00
3.096425611805225131e+00
2.935251483997046051e+00
2.790434753441465077e+00
2.662725121683785279e+00
2.552872290269307509e+00
2.461625960743334840e+00
2.388467916509960709e+00
2.321897568309308379e+00
2.258855810256193752e+00
2.199177596122605660e+00
2.142697879680531603e+00
2.089251614701958193e+00
2.038673754958872486e+00
1.990799254223264203e+00
1.945463066267117069e+00
1.902500144862421250e+00
1.861745443781163134e+00
1.823033916795329779e+00
1.786200517676909127e+00
1.751080200197888015e+00
1.717507918130253941e+00
1.685318625245994406e+00
1.654347275317096688e+00
1.624428822115548066e+00
1.595398219413335816e+00
1.567090420982447441e+00
1.539340380594869995e+00
1.511983052022591423e+00
1.484853389037598781e+00
1.457821381385814963e+00
1.431343054827820094e+00
1.405591958591129176e+00
1.380547756308873719e+00
1.356190111614184124e+00
1.332498688140193011e+00
1.309453149520031001e+00
1.287033159386830050e+00
1.265218381373721002e+00
1.243988479113835810e+00
1.223323116240305097e+00
1.203201956386261262e+00
1.183604663184835371e+00
1.164510900269158489e+00
1.145900331272362127e+00
1.127752619827578462e+00
1.110047429567937449e+00
1.092764424126571932e+00
1.075883267136612753e+00
1.059383622231190980e+00
1.043245153043438345e+00
1.027447523206486579e+00
1.011970396353466528e+00
9.967941210543297403e-01
9.819266491071118041e-01
9.673717448989228584e-01
9.531217932249238523e-01
9.391691788802744023e-01
9.255062866601352356e-01
9.121255013596664130e-01
8.990192077740285503e-01
8.861797906983818196e-01
8.735996349278867257e-01
8.612711252577034404e-01
8.491866464829919137e-01
8.373385833989133165e-01
8.257193208006274876e-01
8.143212434832944879e-01
8.031367362420751554e-01
7.921581838721296620e-01
7.813779711686182905e-01
7.707884829267013238e-01
7.603821039415392669e-01
7.501512190082924025e-01
7.400882129221207917e-01
7.301854704781849392e-01
7.204354172344514806e-01
7.108380943827307119e-01
7.013950836250332221e-01
6.921038265585865989e-01
6.829617647806173197e-01
6.739663398883529721e-01
6.651149934790204776e-01
6.564051671498475349e-01
6.478343024980609544e-01
6.393998411208877686e-01
6.310992246155557872e-01
6.229298945792917097e-01
6.148892926093230127e-01
6.069748603028768397e-01
5.991840392571803342e-01
5.915142710694607509e-01
5.839629973369453442e-01
5.765276596568612577e-01
5.692056996264356350e-01
5.619945588428958416e-01
5.548916789034690211e-01
5.478945014053823170e-01
5.410004679458628729e-01
5.342070201221381653e-01
5.275119133353309842e-01
5.209133659154525642e-01
5.144094886329758642e-01
5.079983921722817097e-01
5.016781872177517032e-01
4.954469844537672252e-01
4.893028945647091565e-01
4.832440282349590999e-01
4.772684961488986022e-01
4.713744089909085999e-01
4.655598774453704181e-01
4.598230121966656037e-01
4.541619239291752042e-01
4.485747233272805445e-01
4.430595210753630608e-01
4.376144278578039670e-01
4.322375543589846436e-01
4.269270112632861935e-01
4.216809092550901639e-01
4.164973590187777686e-01
4.113744712387301661e-01
4.063103565993289590e-01
4.013031257849551947e-01
3.963503570270630605e-01
3.914503934456015632e-01
3.866031665355034730e-01
3.818086231660504093e-01
3.770667102065242138e-01
3.723773745262064505e-01
3.677405629943791832e-01
3.631562224803241423e-01
3.586242998533228921e-01
3.541447419826574960e-01
3.497174957376094628e-01
3.453425079874608561e-01
3.410197256014932954e-01
3.367490954489886223e-01
3.319807471446700742e-01
3.261974914075455034e-01
3.194562529651023830e-01
3.118245016609506592e-01
3.033801615008963615e-01
2.941698789243502588e-01
2.841169523998436919e-01
2.733213692875200995e-01
2.619508704681478006e-01
2.502336659346858228e-01
2.384700281353384632e-01
2.270448271355809400e-01
2.163252282258847636e-01
2.061694190299744878e-01
1.963752114063040122e-01
1.866332530118298416e-01
1.764891941544544929e-01
1.648809563775017750e-01
1.520913231734737636e-01
1.405053408875245324e-01
1.332577996449703095e-01
1.292875326037368211e-01
1.261175397448988655e-01
1.241736489036485702e-01
1.237691620905717466e-01
1.237691620905717604e-01
1.237691620905717466e-01
1.237691620905717327e-01
1.237691620905717327e-01
1.237691620905718159e-01
1.237691620905715939e-01
1.237691620905718715e-01
1.237691620905718715e-01
1.237691620905720935e-01
1.237691620905718715e-01
1.237691620905714274e-01
1.237691620905705392e-01
1.237691620905696510e-01
1.237691620905714274e-01
1.237691620905714274e-01
1.237691620905696510e-01
