-1.644736842105263053e+00
-8.223684210526315264e-01
0.000000000000000000e+00
8.223684210526315264e-01
1.644736842105263053e+00
2.467105263157894690e+00
3.289473684210526105e+00
4.111842105263157521e+00
4.934210526315789380e+00
5.756578947368420351e+00
6.578947368421052211e+00
7.401315789473684070e+00
8.223684210526315042e+00
9.046052631578946901e+00
9.868421052631578760e+00
1.069078947368421062e+01
1.151315789473684070e+01
1.233552631578947256e+01
1.315789473684210442e+01
1.398026315789473628e+01
1.480263157894736814e+01
1.562499999999999822e+01
1.644736842105263008e+01
1.726973684210526372e+01
1.809210526315789380e+01
1.891447368421052388e+01
1.973684210526315752e+01
2.055921052631578760e+01
2.138157894736842124e+01
2.220394736842105132e+01
2.302631578947368141e+01
2.384868421052631504e+01
2.467105263157894512e+01
2.549342105263157876e+01
2.631578947368420884e+01
2.713815789473683893e+01
2.796052631578947256e+01
2.878289473684210265e+01
2.960526315789473628e+01
3.042763157894736636e+01
3.124999999999999645e+01
3.207236842105263008e+01
3.289473684210526017e+01
3.371710526315789025e+01
3.453947368421052744e+01
3.536184210526315752e+01
3.618421052631578760e+01
3.700657894736841769e+01
3.782894736842104777e+01
3.865131578947368496e+01
3.947368421052631504e+01
4.029605263157894512e+01
4.111842105263157521e+01
4.194078947368420529e+01
4.276315789473684248e+01
4.358552631578947256e+01
4.440789473684210265e+01
4.523026315789473273e+01
4.605263157894736281e+01
4.687500000000000000e+01
4.769736842105263008e+01
4.851973684210526017e+01
4.934210526315789025e+01
5.016447368421052033e+01
5.098684210526315752e+01
5.180921052631578760e+01
5.263157894736841769e+01
5.345394736842104777e+01
5.427631578947367785e+01
5.509868421052631504e+01
5.592105263157894512e+01
5.674342105263157521e+01
5.756578947368420529e+01
5.838815789473683537e+01
5.921052631578947256e+01
6.003289473684210265e+01
6.085526315789473273e+01
6.167763157894736281e+01
6.249999999999999289e+01
6.332236842105263008e+01
6.414473684210526017e+01
6.496710526315789025e+01
6.578947368421052033e+01
6.661184210526315042e+01
6.743421052631578050e+01
6.825657894736841058e+01
6.907894736842105488e+01
6.990131578947368496e+01
7.072368421052631504e+01
7.154605263157894512e+01
7.236842105263157521e+01
7.319078947368420529e+01
7.401315789473683537e+01
7.483552631578946546e+01
7.565789473684209554e+01
7.648026315789472562e+01
7.730263157894736992e+01
7.812500000000000000e+01
7.894736842105263008e+01
7.976973684210526017e+01
8.059210526315789025e+01
8.141447368421052033e+01
8.223684210526315042e+01
8.305921052631578050e+01
8.388157894736841058e+01
8.470394736842104066e+01
8.552631578947368496e+01
8.634868421052631504e+01
8.717105263157894512e+01
8.799342105263157521e+01
8.881578947368420529e+01
8.963815789473683537e+01
9.046052631578946546e+01
9.128289473684209554e+01
9.210526315789472562e+01
9.292763157894735571e+01
9.375000000000000000e+01
9.457236842105263008e+01
9.539473684210526017e+01
9.621710526315789025e+01
9.703947368421052033e+01
9.786184210526315042e+01
9.868421052631578050e+01
9.950657894736841058e+01
1.003289473684210407e+02
1.011513157894736707e+02
1.019736842105263150e+02
1.027960526315789451e+02
1.036184210526315752e+02
1.044407894736842053e+02
1.052631578947368354e+02
1.060855263157894655e+02
1.069078947368420955e+02
1.077302631578947256e+02
1.085526315789473557e+02
1.093750000000000000e+02
1.101973684210526301e+02
1.110197368421052602e+02
1.118421052631578902e+02
1.126644736842105203e+02
1.134868421052631504e+02
1.143092105263157805e+02
1.151315789473684106e+02
1.159539473684210407e+02
1.167763157894736707e+02
1.175986842105263150e+02
1.184210526315789451e+02
1.192434210526315752e+02
1.200657894736842053e+02
1.208881578947368354e+02
1.217105263157894655e+02
1.225328947368420955e+02
1.233552631578947256e+02
1.241776315789473557e+02
1.249999999999999858e+02
1.258223684210526159e+02
1.268606085526315610e+02
1.281147203947368212e+02
1.295847039473684106e+02
1.312705592105263008e+02
1.331722861842105203e+02
1.352898848684210407e+02
1.376233552631578902e+02
1.401726973684210407e+02
1.429379111842105203e+02
1.459189967105263008e+02
1.491159539473684106e+02
1.525287828947368212e+02
1.561574835526315610e+02
1.600020559210526017e+02
1.640624999999999716e+02
1.683388157894736423e+02
1.728310032894736423e+02
1.775390624999999716e+02
1.824629934210526017e+02
1.876027960526315610e+02
1.927425986842105203e+02
1.978824013157894797e+02
2.030222039473684390e+02
2.081620065789473983e+02
2.133018092105263577e+02
2.184416118421053170e+02
2.235814144736842763e+02
2.287212171052632357e+02
2.338610197368421950e+02
2.390008223684211544e+02
2.441406250000001137e+02
2.492804276315790730e+02
2.544202302631580324e+02
2.595600328947369917e+02
2.646998355263159510e+02
2.698396381578949104e+02
2.749794407894738697e+02
2.801192434210528290e+02
2.852590460526317884e+02
2.903988486842107477e+02
2.955386513157897070e+02
