1.830624358699161625e-01
1.947981640048535024e-01
2.064151710158552144e-01
2.178975228354105842e-01
2.292292853960094523e-01
2.403945246301415206e-01
2.513773064702963800e-01
2.621616968489636212e-01
2.727317616986331128e-01
2.830715669517942512e-01
2.931651785409368771e-01
3.029966623985506091e-01
3.125500844571250103e-01
3.218095106491499213e-01
3.307590069071148497e-01
3.393826391635095807e-01
3.476644733508236773e-01
3.555885754015467581e-01
3.631390112481687193e-01
3.702998468231789575e-01
3.770551480590672577e-01
3.833889808883231831e-01
3.892854112434365188e-01
3.947285050568969389e-01
3.997023282611938955e-01
4.042183290352102110e-01
4.085247940914294440e-01
4.126870642092149710e-01
4.167079158921735971e-01
4.205901256439123492e-01
4.243364699680379770e-01
4.279497253681573965e-01
4.314326683478778568e-01
4.347880754108057189e-01
4.380187230605484539e-01
4.411273878007124227e-01
4.441168461349049301e-01
4.469898745667326700e-01
4.497492495998025586e-01
4.523977477377215672e-01
4.549381454840966121e-01
4.573732193425345538e-01
4.597057458166422528e-01
4.619385014100265696e-01
4.640742626262945869e-01
4.661158059690531097e-01
4.680659079419090540e-01
4.699273450484692805e-01
4.717046851190905277e-01
4.734295352506976973e-01
4.751123527181119743e-01
4.767528038106534916e-01
4.783505548176427702e-01
4.799052720284002760e-01
4.814166217322466412e-01
4.828842702185022207e-01
4.843078837764872580e-01
4.856871286955225520e-01
4.870216712649284574e-01
4.883111777740254400e-01
4.895553145121338545e-01
4.907537477685744443e-01
4.919061438326673974e-01
4.930121689937332352e-01
4.940714895410926455e-01
4.950837717640659275e-01
4.960486819519734358e-01
4.969658863941358584e-01
4.978350513798734944e-01
4.986558431985069206e-01
4.994279281393566028e-01
5.001515620867054146e-01
5.008481864717644338e-01
5.015284681370797415e-01
5.021920752045315739e-01
5.028386757959981690e-01
5.034679380333592080e-01
5.040795300384939281e-01
5.046731199332814555e-01
5.052483758396008051e-01
5.058049658793315473e-01
5.063425581743528081e-01
5.068608208465436027e-01
5.073594220177836123e-01
5.078380298099516299e-01
5.082963123449271148e-01
5.087339377445891930e-01
5.091505741308171018e-01
5.095458896254899672e-01
5.099195523504872485e-01
5.102712304276879607e-01
5.106005919789714520e-01
5.109073051262170706e-01
5.111910379913036095e-01
5.114515424121486298e-01
5.117020564443681696e-01
5.119516744374653650e-01
5.121994497801698465e-01
5.124444358612119110e-01
5.126856860693216333e-01
5.129222537932293102e-01
5.131531924216650165e-01
5.133775553433593819e-01
5.135943959470418152e-01
5.138027676214433903e-01
5.140017237552938489e-01
5.141903177373234879e-01
5.143676029562624930e-01
5.145326328008410499e-01
5.146844606597895666e-01
5.148221399218377847e-01
5.149447239757164452e-01
5.150512662101554007e-01
5.151408200138849480e-01
5.152124387756354951e-01
5.152651758841368945e-01
5.152980847281195542e-01
5.153102186963137710e-01
5.153111988879961469e-01
5.153121319681003287e-01
5.153130222415752693e-01
5.153138696750964032e-01
5.153146742353393872e-01
5.153154358889794340e-01
5.153161546026916451e-01
5.153168303431518993e-01
5.153174630770354092e-01
5.153180527710173875e-01
5.153185993917732688e-01
5.153191029059788208e-01
5.153195632803089232e-01
5.153199804814393437e-01
5.153203544760451837e-01
5.153206852308019892e-01
5.153209727123850836e-01
5.153212168874699017e-01
5.153214177227318782e-01
5.153215751848463366e-01
5.153216892404888227e-01
5.153217598563345492e-01
5.153217869990588396e-01
5.153196886102552332e-01
5.153123373237405991e-01
5.152999894372986001e-01
5.152829437322471451e-01
5.152614989899049203e-01
5.152359539915896125e-01
5.152066075186202410e-01
5.151737583523147146e-01
5.151377052739911644e-01
5.150987470649683875e-01
5.150571825065642928e-01
5.150133103800973444e-01
5.149674294668858954e-01
5.149198385482481877e-01
5.148643158651752261e-01
5.147940670061030843e-01
5.147089945162761637e-01
5.146099730725615107e-01
5.144993609640954313e-01
5.143754771904778256e-01
5.142157098848862962e-01
5.140168863123631970e-01
5.137816126661004512e-01
5.135167684802361965e-01
5.132345336565151683e-01
5.129534989244495247e-01
5.126900308312002386e-01
5.124276102908711383e-01
5.121616005040180442e-01
5.118876111775979565e-01
5.115992810456265749e-01
5.112675200569745115e-01
5.108944140647856402e-01
5.105501497688321733e-01
5.103275261894529846e-01
5.101983343015394912e-01
5.100935964229224018e-01
5.100286542039085269e-01
5.100150437850001772e-01
5.100150437850001772e-01
5.100150437850001772e-01
5.100150437850001772e-01
5.100150437850001772e-01
5.100150437850001772e-01
5.100150437850001772e-01
5.100150437849997331e-01
5.100150437849979568e-01
5.100150437850015095e-01
5.100150437849979568e-01
5.100150437850032858e-01
5.100150437849926277e-01
5.100150437849926277e-01
5.100150437849997331e-01
5.100150437850103913e-01
5.100150437849890750e-01
